2122628816
7124105372
1796819139
1271066864
9442290080
9374993353
1816003648
6539650236
2487918934
8472428670
8432550572
9904146408
8488506143
4331083185
1537664416
9259597169
2146747559
6865050486
6246424081
1610292082
9412905580
8126191603
8301114349
7208800758
7147062328
8261213084
6582126842
6330233672
9372469102
8892242642
8662644414
9627632970
9757586002
7754817098
1163372353
4036841635
4360468938
6895827453
2820441943
1812904317
7092883262
3133044262
7310463274
5856893206
7936509631
2157503193
1375820488
5418460879
9900202320
9935563391
8298552370
4829639215
1918900349
2369617518
5289923212
9651290237
5776205057
8618834008
5918397014
9681482540
6052179195
8216321471
1796760830
5696377405
2064583718
4495960757
4799462584
5596541912
6147408163
2389912135
9612189746
2155481528
6814562229
7784780966
2392698144
5923102482
7731448832
6454282402
3326272385
2301156327
7867582214
2874620665
2050617281
1195925357
3908451506
1519485547
7360859633
1761422928
7724012190
8249767494
6468973958
1374157563
8814090621
5357089763
6364940133
3639470800
1812495460
5565018679
7811680385
4262920006
2177990215
2034149421
4034797011
8956682767
9479388281
2240537641
3222343491
7734981608
3784131710
8783422689
3773560487
7137198418
6747542049
3488331884
7726174835
8616282794
6798010491
4754683335
4899034638
9693917955
6088482111
7898964469
5448421090
7917958791
3785744262
6028556235
7826215089
2743162810
5096390747
6424349504
7839752175
1019481751
2754843913
6192927272
7883573518
9068179947
7641831307
6214689939
1544555375
4449515738
5305375453
4148060696
3142993431
3610681955
2173712459
3603452649
1022932737
2826706680
5041648942
7914153223
6092633677
3473020844
2657537273
2619371548
3530181409
8938263925
3615563345
2059322153
1513729749
5946283563
8167294296
1776712431
5441766290
3904033060
6480046725
5852976853
8365196821
3200810199
1640093118
5977315374
1970393451
6375419966
4032665316
5406587625
2859951053
6325816597
6036668555
7451978331
6035439824
6092618895
2314610503
7483743957
1040966705
5837745076
5368219319
2574393524
5449529052
7077952051
2806121439
1398764807
2739413103
2022014587
9709059488
6127447044
6256181782
4193788372
3485654017
4559685846
7698896698
1672142601
2846783269
5715224700
1948703141
6424724083
8539251138
4875693475
4619187701
4602380764
1709302674
1841732811
1608806938
7232373733
1516419109
5267183798
1722537605
7720859522
6442268583
8507512006
6635103286
2344045149
6555536181
8711184769
8085088581
6038534870
9730991664
1449025890
4783656818
7638244628
3153245277
5618244366
9828847081
5416758733
7216860727
8987160699
5508034695
8383388432
9463495467
7025881003
4584334114
3734126512
9552690448
5240411717
2729523751
4474924346
5209111657
6803826598
7481367466
4031058185
2844300582
6186185048
1875696050
9411958996
1552888931
3923874814
8606713499
9638132620
1824269538
7728297919
4883900403
6205135033
3504915891
6325861390
7734232373
3922021079
2025712289
8003542587
4560798817
1900094135
4675560220
6468677695
7764465871
7487266307
1054581016
7654992395
3961338786
2768876507
2105117399
5131817059
2909942343
5091244515
4316930319
4662883776
2276067145
9243596870
1095528953
7550436417
3237417405
4898536169
4671627970
6991805208
3032025657
8360338432
9503414182
1733045102
4450406640
8940116720
5552645541
4229512923
8070405642
1212993911
4620752543
5988663495
1247678636
5404804217
9003671775
6840576101
6347883023
9918361035
9246048067
5613990414
4901188930
4841458184
1181118999
3223212893
6442110970
3018767094
7613877488
9004212065
9245899854
9593273716
9459401833
2038781721
2428033723
6238143438
8616027751
2323198109
2370984572
1719425579
7345443400
2111242211
8173351859
2671795770
5785572812
3859588189
1533517612
9591938046
6177395666
5352227147
4125980642
1802934980
9045656828
8901993652
1376704825
7411285621
3802193538
7724243364
2967056756
5731319616
9629873387
1830559274
1000173707
2602122443
5898640561
1355956744
7790020816
7556467657
4990484041
3265542583
3407217975
3638370822
5516538530
7316014111
1760535391
9610272788
9060764789
4675243414
9608303363
8172593277
2824068401
6077637726
9109324384
3080428447
8957312974
6313406406
4385722803
3640619026
8839820208
5092132688
4795120916
9969760724
4061576341
2609747600
5236997792
1724139186
2776115448
4813666229
1047407164
2224538571
1764585622
1464444687
7517861800
1600620856
4502859378
3024391666
4446340575
6265147823
1959690971
7328522358
2100458866
4128824978
8598125860
4317097358
6581786310
6256092583
4949798999
1864555077
7009502096
4699080738
3235359529
7833948235
8649816847
9960538740
6555993887
4698990534
2695860977
6680765222
7610471493
7920695900
6473020358
2373053524
8697528519
5323395408
8937969422
2132234157
1676124119
1611078424
8996347772
4331112284
4093729132
3506118725
9980407674
1644550899
5780016340
7269113997
1129528482
1060230090
9412980971
6415626034
8481065215
5121796158
3864618889
1579183646
5564591489
3058149206
5376902090
7452992296
9429439671
6629138269
9902678626
6140460911
2198456701
2820863313
6008657676
6183675417
1249308721
3264896770
6252775045
4943450493
5366574060
4330715593
8934351560
7374963154
5660158254
1683108763
9803928570
1405860028
6621812251
6070002282
3236508557
6964254090
1835726097
2804853981
4124335025
2827060336
5922986119
9251680918
7387820020
9926400973
7678672898
3539334387
5126159654
8523963940
4668281632
8506242245
9987835275
8881519240
8552302987
3209982131
9969062018
7858407547
8694324119
5916715619
1196284184
8322838606
6312269463
7851260747
3707273067
6884517790
5521287630
7873101524
1415062186
8524052807
8372766136
5593358006
9678229969
3911972921
4438229733
3343184694
7531533656
9302148995
9688054530
2216715088
1123361615
4087849828
2038879854
4293678855
5130220816
1501764061
6146607613
2555691238
5440997845
8551702771
6732162503
6738440363
9320135593
2574748887
9558618688
6963437311
4072041150
2763861197
9724094319
1507988893
9331218723
6882360128
4833181024
7863558040
5885652436
7341493356
4491997000
1373967084
9478555709
7796519650
3283513294
8999849402
3536438393
9384740189
8458692277
4060859470
6832956280
2121454853
1147442999
6061266786
9596967947
1392617511
8510038966
2901203326
9626413969
7309510407
9186851061
7661733985
5728421393
9816679505
2986772180
4743875185
9992928249
4357847974
9353770818
6231863332
4502709617
4891136858
8159955967
6579292375
7061725088
4969347351
7447793877
8519700885
8439071860
6232038350
6580557958
3413102156
3936808082
5887343945
2698476603
5832631771
5889443289
7869838951
9568869239
4899506292
8869550360
7333966486
4926392784
4939838749
4326391018
2306767892
5791513730
9711192932
5955967651
5207033317
2804690708
3363507584
2010441180
5791476894
5790581266
2589742600
4130166132
1708314801
5264392372
4999186426
7016266346
2686759187
5806590036
4884832643
7215123772
8867853498
3311489650
5292113031
5017632381
5995774357
2460077847
4592939062
4415347084
7652447507
3558006898
6320926890
3396559820
1986417598
8831482579
1535494501
1434456043
1333024979
8260542584
6885958708
7596186636
8942534877
2020750746
6288788909
1833951973
5405079309
5993784428
9548734087
5840233866
2041626966
6658961280
6121157612
9878414024
6322666921
3047929009
6883692335
7768330542
3881940398
5264433982
1247955912
3493339986
2110146136
7486990177
3625452112
1925076251
6254714286
1232219528
9324016102
8388611599
1459344225
6899386301
5363744581
2932943467
6773884936
2804953903
8073881313
5325731701
3221713415
1728636677
6940633047
7715565613
7504564710
2285288533
9144688180
3253065550
1546651535
7791565873
6987638193
3383204579
2682051358
8486480561
5676563684
5998844447
2382111064
8661411720
5930303002
7363198228
3002834060
6478914005
2561189336
6681098279
3620848805
1589959706
6422554195
7097016732
9565522444
6951949345
4736856361
3451872739
5290163389
3680931964
4055476891
7501335886
9337472028
6057018315
5496475484
8629821730
8916593623
3741292095
7123725708
3790658218
8890125382
1539512422
6978177068
5241452008
1207126172
8939901741
9835992851
1216068376
2678300152
2815966580
5026666410
2132059069
7880566857
9069468034
8004521853
2528423167
4302327021
3293126482
4550465734
3569834088
9908547089
7762252410
8686243551
4919002911
7875816228
6749091464
6755130791
7990564738
9179452756
3751411332
9583343628
4904627446
9444810071
8100581172
3399313885
7930215818
9071261032
1449506818
9628743923
5811491098
8998680708
6400180718
1010015870
7828344776
9691999060
9740609806
8741430043
1959842890
8826617843
2805528855
7811214094
3645429237
6351336089
6296552925
9104003478
7907293679
4700858175
6298705464
3126147368
7586445999
4932904526
6256047334
7521825125
6365082843
7635481849
2353138408
4729726038
8513300114
6291001996
5379759487
8450661720
8856384881
5999144611
3820795350
9513103070
6620381720
6088053853
9807932816
5185041269
5444711172
3954874630
1825908219
9650946656
9235735612
8079056871
6970434419
5394209271
1981490919
7251690410
4046154351
7474640071
7151257847
2503497694
1318495931
5743967565
4209614108
1986397046
7282671877
2676424433
2176275574
6732308767
1414155085
4110698422
7998015308
7937228260
8343775367
9940467847
7682612588
9024590539
6136378797
1572168448
8298336331
2221203855
3617941006
1118523965
1710681851
5072915093
1810667449
7330071300
6167982805
9772075801
1891595983
7509090601
7241542576
7054245002
3490473128
3341355355
4091158693
7041239826
3988927578
6752316679
1413399968
7317939248
3536069579
7027284793
5974934368
2189508522
6720859715
3971007825
7299058649
5514206424
6393837049
1586459274
1217979126
7965795838
9872209187
6638574666
7380084170
7541765001
6328499218
7073845210
5226481420
6420956143
7787494233
1936713816
5843345407
5200573626
3103908783
1039908315
7754965194
2844224305
8198061952
5426031314
2414780847
9592478999
8029701770
9455981044
2139553179
8953042197
4011352721
3950759593
8801243935
5307038100
3007894386
4503882204
7070485134
1784419186
5233041033
2544153565
5212782195
2465911264
5983257574
8424818145
5055648203
1116303638
6891148876
1047350554
2902420946
5850487328
3125132252
5100793478
2764178193
2631793404
3463177063
1126083293
6275452667
8349817975
3519800983
1220364442
5318665085
2359438122
7797762038
2175302982
6914349157
2783614129
9349180706
8861346741
9244551726
1441934916
5310232807
2139937766
1941285469
7468389908
7937591442
4307028561
9829897822
9304538445
1203190995
2769951111
8394813869
3003910420
7521740010
5796776090
8691046826
7616544712
7071793514
2035089345
1152073815
1045040535
2134097894
7975241192
2678393911
6722390841
4956960198
2265007293
7900384530
7466420176
3671606265
7932092222
9361696994
5259017766
2390278478
3078474538
2477551442
4164622768
3832984451
2250664489
3699728091
8830883031
2303824454
7990289881
7316676675
7115464756
7121805098
5025819764
1164195867
9030553344
8120018586
9031483460
5746650728
4755821759
1521513089
9856715269
1231606199
7200750767
9431042174
2101058889
1145259906
3760598117
8955954852
3130663183
8773133078
2986747435
5304235571
9954143873
6868071235
4861067325
3779689470
1615326373
2021614683
9345023481
3289877060
1065643051
5752067042
3716307699
4484350131
9760600513
